1626454800
1626454813
1626454813
1626454813
1626454814
1626454815
1626454819
1626454820
1626454823
1626454825
1626454827
1626454833
1626454835
1626454838
1626454845
1626454845
1626454851
1626454853
1626454854
1626454854
1626454854
1626454854
1626454855
1626454855
1626454855
1626454855
1626454855
1626454856
1626454856
1626454860
1626454860
1626454860
1626454863
1626454869
1626454872
1626454888
1626454920
1626454921
1626454924
1626454936
1626454947
1626454966
1626454967
1626454967
1626454969
1626454969
1626454969
1626454969
1626454969
1626454969
1626454969
1626454969
1626454969
1626454969
1626454969
1626454969
1626454969
1626454969
1626454969
1626454969
1626454969
1626454969
1626454969
1626454969
1626454969
1626454969
1626454969
1626454969
1626454969
1626454969
1626454969
1626454969
1626454969
1626454969
1626454969
1626454969
1626454969
1626454970
1626454970
1626454974
1626454975
1626454980
1626454980
1626454981
1626454981
1626454981
1626454981
1626454983
1626454985
1626454989
1626454990
1626454990
1626454991
1626454991
1626454992
1626454995
1626454996
1626454996
1626454997
1626454997
1626454997
1626454997
1626454999
1626455001
1626455001
1626455001
1626455001
1626455002
1626455002
1626455010
1626455015
1626455037
1626455040
1626455061
1626455068
1626455069
1626455074
1626455078
1626455079
1626455083
1626455083
1626455084
1626455090
1626455092
1626455099
1626455100
1626455100
1626455100
1626455100
1626455100
1626455100
1626455100
1626455102
1626455105
1626455119
1626455127
1626455130
1626455137
1626455145
1626455157
1626455160
1626455163
1626455168
1626455177
1626455184
1626455188
1626455193
1626455200
1626455205
1626455206
1626455208
1626455210
1626455213
1626455213
1626455214
1626455215
1626455215
1626455215
1626455216
1626455216
1626455216
1626455216
1626455216
1626455217
1626455217
1626455217
1626455219
1626455219
1626455220
1626455220
1626455220
1626455220
1626455220
1626455220
1626455220
1626455220
1626455221
1626455221
1626455221
1626455221
1626455222
1626455222
1626455222
1626455222
1626455222
1626455223
1626455223
1626455223
1626455223
1626455223
1626455224
1626455224
1626455224
1626455225
1626455225
1626455225
1626455225
1626455226
1626455226
1626455226
1626455226
1626455226
1626455226
1626455226
1626455226
1626455227
1626455227
1626455227
1626455228
1626455229
1626455229
1626455229
1626455229
1626455230
1626455230
1626455230
1626455230
1626455231
1626455231
1626455231
1626455232
1626455232
1626455232
1626455233
1626455233
1626455233
1626455234
1626455234
1626455234
1626455235
1626455235
1626455235
1626455236
1626455236
1626455236
1626455236
1626455237
1626455237
1626455238
1626455238
1626455238
1626455238
1626455238
1626455239
1626455239
1626455239
1626455240
1626455240
1626455240
1626455240
1626455240
1626455241
1626455241
1626455241
1626455242
1626455242
1626455242
1626455243
1626455243
1626455243
1626455243
1626455243
1626455244
1626455244
1626455245
1626455245
1626455245
1626455246
1626455246
1626455247
1626455248
1626455248
1626455249
1626455249
1626455249
1626455250
1626455250
1626455251
1626455251
1626455252
1626455253
1626455253
1626455253
1626455254
1626455254
1626455254
1626455254
1626455254
1626455255
1626455255
1626455256
1626455257
1626455262
1626455263
1626455264
1626455264
1626455266
1626455266
1626455266
1626455266
1626455267
1626455268
1626455268
1626455269
1626455269
1626455272
1626455273
1626455273
1626455273
1626455273
1626455274
1626455274
1626455274
1626455280
1626455281
1626455282
1626455282
1626455285
1626455286
1626455288
1626455289
1626455291
1626455292
1626455293
1626455294
1626455294
1626455295
1626455295
1626455295
1626455297
1626455298
1626455330
1626455334
1626455335
1626455337
1626455340
1626455340
1626455340
1626455340
1626455340
1626455340
1626455340
1626455340
1626455340
1626455340
1626455340
1626455353
1626455362
1626455365
1626455372
1626455376
1626455376
1626455379
1626455379
1626455380
1626455380
1626455380
1626455381
1626455382
1626455383
1626455383
1626455384
1626455386
1626455386
1626455387
1626455387
1626455388
1626455389
1626455390
1626455390
1626455391
1626455391
1626455393
1626455396
1626455396
1626455400
1626455400
1626455400
1626455402
1626455402
1626455404
1626455407
1626455411
1626455411
1626455412
1626455413
1626455415
1626455415
1626455420
1626455421
1626455425
1626455427
1626455429
1626455430
1626455437
1626455439
1626455441
1626455442
1626455442
1626455443
1626455454
1626455458
1626455460
1626455460
1626455460
1626455460
1626455460
1626455460
1626455461
1626455468
1626455469
1626455469
1626455470
1626455471
1626455472
1626455477
1626455479
1626455479
1626455480
1626455482
1626455483
1626455485
1626455489
1626455489
1626455489
1626455490
1626455490
1626455491
1626455491
1626455492
1626455492
1626455492
1626455492
1626455497
1626455498
1626455500
1626455500
1626455501
1626455502
1626455502
1626455502
1626455502
1626455504
1626455506
1626455506
1626455508
1626455508
1626455508
1626455509
1626455510
1626455510
1626455510
1626455511
1626455511
1626455512
1626455512
1626455512
1626455512
1626455513
1626455514
1626455515
1626455516
1626455516
1626455517
1626455517
1626455517
1626455519
1626455519
1626455519
1626455520
1626455520
1626455520
1626455520
1626455520
1626455520
1626455520
1626455520
1626455520
1626455520
1626455521
1626455521
1626455522
1626455522
1626455523
1626455524
1626455524
1626455524
1626455525
1626455525
1626455525
1626455525
1626455527
1626455528
1626455530
1626455530
1626455530
1626455530
1626455530
1626455531
1626455532
1626455532
1626455532
1626455532
1626455532
1626455533
1626455533
1626455534
1626455534
1626455534
1626455535
1626455535
1626455537
1626455538
1626455539
1626455540
1626455540
1626455541
1626455544
1626455544
1626455545
1626455545
1626455546
1626455547
1626455548
1626455548
1626455549
1626455549
1626455550
1626455551
1626455552
1626455552
1626455552
1626455553
1626455555
1626455556
1626455557
1626455557
1626455557
1626455558
1626455558
1626455558
1626455559
1626455559
1626455560
1626455561
1626455562
1626455562
1626455562
1626455562
1626455563
1626455563
1626455563
1626455564
1626455564
1626455565
1626455565
1626455566
1626455566
1626455567
1626455569
1626455569
1626455570
1626455571
1626455571
1626455572
1626455572
1626455572
1626455576
1626455576
1626455576
1626455577
1626455577
1626455579
1626455579
1626455579
1626455579
1626455579
1626455579
1626455579
1626455579
1626455580
1626455580
1626455580
1626455580
1626455580
1626455580
1626455580
1626455580
1626455580
1626455580
1626455580
1626455580
1626455580
1626455580
1626455580
1626455581
1626455581
1626455582
1626455582
1626455583
1626455583
1626455583
1626455584
1626455585
1626455586
1626455586
1626455587
1626455587
1626455587
1626455589
1626455589
1626455589
1626455590
1626455590
1626455590
1626455590
1626455591
1626455591
1626455591
1626455592
1626455592
1626455592
1626455592
1626455592
1626455592
1626455593
1626455593
1626455593
1626455594
1626455594
1626455595
1626455595
1626455595
1626455596
1626455596
1626455596
1626455597
1626455597
1626455598
1626455598
1626455598
1626455598
1626455598
1626455599
1626455600
1626455600
1626455600
1626455601
1626455601
1626455601
1626455601
1626455601
1626455603
1626455603
1626455603
1626455605
1626455605
1626455606
1626455606
1626455607
1626455607
1626455608
1626455608
1626455608
1626455608
1626455609
1626455610
1626455610
1626455610
1626455611
1626455612
1626455613
1626455613
1626455613
1626455613
1626455614
1626455615
1626455615
1626455615
1626455615
1626455615
1626455615
1626455615
1626455616
1626455616
1626455616
1626455616
1626455617
1626455617
1626455617
1626455618
1626455618
1626455618
1626455620
1626455620
1626455620
1626455621
1626455621
1626455621
1626455622
1626455623
1626455623
1626455623
1626455623
1626455623
1626455623
1626455624
1626455624
1626455624
1626455624
1626455625
1626455625
1626455625
1626455625
1626455625
1626455626
1626455626
1626455626
1626455626
1626455627
1626455627
1626455627
1626455627
1626455628
1626455629
1626455629
1626455630
1626455631
1626455632
1626455632
1626455633
1626455634
1626455635
1626455636
1626455637
1626455637
1626455637
1626455638
1626455638
1626455638
1626455639
1626455639
1626455640
1626455640
1626455640
1626455640
1626455640
1626455640
1626455640
1626455640
1626455640
1626455640
1626455640
1626455643
1626455644
1626455645
1626455647
1626455647
1626455649
1626455649
1626455650
1626455651
1626455651
1626455651
1626455651
1626455652
1626455652
1626455652
1626455652
1626455652
1626455652
1626455653
1626455653
1626455653
1626455654
1626455655
1626455656
1626455657
1626455658
1626455658
1626455659
1626455659
1626455661
1626455661
1626455661
1626455661
1626455661
1626455661
1626455661
1626455663
1626455663
1626455664
1626455664
1626455664
1626455665
1626455665
1626455666
1626455666
1626455669
1626455670
1626455670
1626455670
1626455671
1626455671
1626455671
1626455672
1626455673
1626455673
1626455673
1626455673
1626455674
1626455674
1626455674
1626455675
1626455675
1626455675
1626455676
1626455676
1626455676
1626455676
1626455676
1626455677
1626455678
1626455680
1626455680
1626455680
1626455683
1626455685
1626455686
1626455686
1626455686
1626455687
1626455688
1626455689
1626455689
1626455690
1626455690
1626455690
1626455690
1626455691
1626455691
1626455693
1626455693
1626455694
1626455694
1626455695
1626455695
1626455698
1626455698
1626455699
1626455699
1626455699
1626455699
1626455700
1626455700
1626455700
1626455700
1626455700
1626455700
1626455700
1626455700
1626455700
1626455700
1626455700
1626455703
1626455704
1626455705
1626455705
1626455705
1626455705
1626455705
1626455705
1626455705
1626455706
1626455707
1626455708
1626455708
1626455709
1626455709
1626455709
1626455709
1626455712
1626455715
1626455717
1626455717
1626455718
1626455718
1626455719
1626455719
1626455720
1626455723
1626455726
1626455728
1626455728
1626455731
1626455731
1626455732
1626455732
1626455732
1626455733
1626455735
1626455740
1626455741
1626455741
1626455741
1626455748
1626455750
1626455750
1626455750
1626455751
1626455751
1626455752
1626455754
1626455754
1626455755
1626455755
1626455758
1626455758
1626455758
1626455758
1626455758
1626455759
1626455759
1626455759
1626455760
1626455760
1626455760
1626455760
1626455760
1626455760
1626455760
1626455760
1626455760
1626455760
1626455760
1626455760
1626455761
1626455761
1626455761
1626455761
1626455761
1626455762
1626455762
1626455762
1626455763
1626455763
1626455763
1626455763
1626455763
1626455763
1626455764
1626455764
1626455764
1626455764
1626455764
1626455765
1626455765
1626455765
1626455765
1626455765
1626455765
1626455765
1626455766
1626455766
1626455766
1626455767
1626455767
1626455767
1626455767
1626455768
1626455768
1626455768
1626455768
1626455769
1626455769
1626455769
1626455770
1626455771
1626455772
1626455772
1626455772
1626455772
1626455772
1626455772
1626455773
1626455773
1626455774
1626455774
1626455774
1626455775
1626455775
1626455775
1626455777
1626455777
1626455778
1626455779
1626455779
1626455779
1626455779
1626455780
1626455780
1626455780
1626455780
1626455780
1626455781
1626455781
1626455781
1626455781
1626455781
1626455783
1626455784
1626455785
1626455785
1626455785
1626455786
1626455786
1626455787
1626455787
1626455787
1626455787
1626455789
1626455789
1626455790
1626455790
1626455791
1626455792
1626455795
1626455795
1626455798
1626455801
1626455811
1626455812
1626455815
1626455817
1626455818
1626455820
1626455820
1626455820
1626455820
1626455820
1626455821
1626455824
1626455825
1626455833
1626455835
1626455835
1626455838
1626455840
1626455840
1626455844
1626455846
1626455847
1626455847
1626455854
1626455856
1626455861
1626455864
1626455864
1626455864
1626455867
1626455868
1626455868
1626455869
1626455869
1626455870
1626455870
1626455870
1626455873
1626455874
1626455874
1626455875
1626455875
1626455876
1626455876
1626455876
1626455876
1626455876
1626455876
1626455877
1626455877
1626455877
1626455877
1626455878
1626455878
1626455878
1626455878
1626455878
1626455878
1626455879
1626455879
1626455879
1626455879
1626455879
1626455879
1626455879
1626455879
1626455879
1626455880
1626455880
1626455880
1626455880
1626455880
1626455880
1626455880
1626455880
1626455880
1626455880
1626455880
1626455880
1626455880
1626455880
1626455881
1626455881
1626455881
1626455882
1626455882
1626455882
1626455883
1626455884
1626455884
1626455884
1626455885
1626455885
1626455885
1626455885
1626455885
1626455886
1626455886
1626455886
1626455886
1626455886
1626455886
1626455887
1626455887
1626455887
1626455887
1626455887
1626455888
1626455889
1626455889
1626455889
1626455889
1626455889
1626455890
1626455890
1626455890
1626455891
1626455891
1626455892
1626455892
1626455892
1626455892
1626455892
1626455892
1626455892
1626455893
1626455893
1626455893
1626455893
1626455893
1626455893
1626455893
1626455894
1626455894
1626455894
1626455894
1626455894
1626455894
1626455895
1626455895
1626455895
1626455896
1626455896
1626455896
1626455896
1626455896
1626455896
1626455896
1626455897
1626455897
1626455897
1626455897
1626455897
1626455897
1626455898
1626455898
1626455898
1626455898
1626455898
1626455899
1626455900
1626455900
1626455900
1626455900
1626455900
1626455900
1626455900
1626455900
1626455900
1626455901
1626455901
1626455901
1626455901
1626455901
1626455902
1626455902
1626455902
1626455902
1626455903
1626455904
1626455904
1626455904
1626455905
1626455905
1626455905
1626455905
1626455905
1626455905
1626455905
1626455905
1626455906
1626455906
1626455906
1626455906
1626455906
1626455907
1626455907
1626455907
1626455907
1626455907
1626455909
1626455910
1626455910
1626455910
1626455910
1626455911
1626455911
1626455912
1626455912
1626455912
1626455912
1626455912
1626455913
1626455913
1626455913
1626455914
1626455914
1626455914
1626455914
1626455914
1626455914
1626455914
1626455914
1626455914
1626455914
1626455914
1626455915
1626455915
1626455915
1626455915
1626455915
1626455915
1626455915
1626455915
1626455916
1626455916
1626455916
1626455916
1626455917
1626455917
1626455918
1626455918
1626455918
1626455919
1626455919
1626455919
1626455919
1626455919
1626455919
1626455919
1626455920
1626455920
1626455921
1626455921
1626455921
1626455921
1626455921
1626455922
1626455922
1626455922
1626455922
1626455924
1626455940
1626455940
1626455940
1626455940
1626455940
1626455940
1626455940
1626455940
1626455940
1626455940
1626455940
1626455940
1626455940
1626455943
1626455947
1626455948
1626455948
1626455961
1626455962
1626455962
1626455966
1626455967
1626455968
1626455969
1626455969
1626455971
1626455971
1626455974
1626455975
1626455975
1626455976
1626455976
1626455977
1626455977
1626455978
1626455978
1626455978
1626455979
1626455979
1626455979
1626455979
1626455979
1626455980
1626455980
1626455980
1626455981
1626455981
1626455981
1626455981
1626455981
1626455981
1626455982
1626455982
1626455983
1626455983
1626455983
1626455983
1626455983
1626455983
1626455984
1626455984
1626455985
1626455985
1626455985
1626455985
1626455985
1626455986
1626455986
1626455986
1626455987
1626455987
1626455987
1626455987
1626455987
1626455987
1626455987
1626455988
1626455988
1626455988
1626455988
1626455988
1626455988
1626455988
1626455988
1626455988
1626455989
1626455989
1626455990
1626455990
1626455990
1626455990
1626455990
1626455990
1626455991
1626455991
1626455991
1626455991
1626455991
1626455991
1626455991
1626455991
1626455991
1626455991
1626455991
1626455991
1626455991
1626455992
1626455992
1626455993
1626455993
1626455993
1626455993
1626455993
1626455993
1626455994
1626455994
1626455994
1626455994
1626455995
1626455995
1626455996
1626455997
1626455997
1626455997
1626455997
1626455997
1626455997
1626455997
1626455997
1626455998
1626455998
1626455999
1626455999
1626456000
1626456000
1626456000
1626456000
1626456000
1626456000
1626456001
1626456003
1626456003
1626456003
1626456004
1626456008
1626456008
1626456009
1626456013
1626456022
1626456025
1626456025
1626456028
1626456029
1626456029
1626456032
1626456033
1626456047
1626456051
1626456052
1626456060
1626456060
1626456060
1626456060
1626456062
1626456071
1626456090
1626456092
1626456094
1626456096
1626456096
1626456097
1626456097
1626456097
1626456097
1626456098
1626456098
1626456102
1626456104
1626456104
1626456104
1626456106
1626456106
1626456106
1626456107
1626456107
1626456107
1626456107
1626456107
1626456108
1626456108
1626456108
1626456112
1626456113
1626456113
1626456113
1626456114
1626456114
1626456115
1626456116
1626456116
1626456116
1626456117
1626456118
1626456118
1626456119
1626456120
1626456120
1626456120
1626456120
1626456120
1626456120
1626456120
1626456120
1626456120
1626456120
1626456121
1626456121
1626456121
1626456121
1626456122
1626456122
1626456123
1626456123
1626456123
1626456123
1626456124
1626456124
1626456124
1626456124
1626456125
1626456125
1626456125
1626456126
1626456127
1626456128
1626456129
1626456129
1626456130
1626456131
1626456131
1626456133
1626456133
1626456133
1626456134
1626456134
1626456134
1626456135
1626456137
1626456138
1626456138
1626456139
1626456141
1626456142
1626456142
1626456143
1626456144
1626456144
1626456144
1626456144
1626456145
1626456145
1626456145
1626456145
1626456146
1626456147
1626456148
1626456148
1626456148
1626456149
1626456149
1626456149
1626456150
1626456150
1626456150
1626456151
1626456151
1626456153
1626456153
1626456154
1626456154
1626456154
1626456155
1626456155
1626456156
1626456156
1626456156
1626456157
1626456157
1626456157
1626456157
1626456157
1626456158
1626456158
1626456158
1626456159
1626456159
1626456159
1626456159
1626456159
1626456159
1626456159
1626456160
1626456160
1626456160
1626456160
1626456161
1626456162
1626456163
1626456165
1626456166
1626456168
1626456168
1626456169
1626456169
1626456169
1626456171
1626456171
1626456172
1626456172
1626456172
1626456173
1626456173
1626456173
1626456173
1626456174
1626456175
1626456175
1626456176
1626456176
1626456176
1626456176
1626456177
1626456177
1626456177
1626456177
1626456177
1626456177
1626456178
1626456178
1626456179
1626456179
1626456179
1626456179
1626456179
1626456179
1626456180
1626456180
1626456180
1626456180
1626456180
1626456180
1626456181
1626456181
1626456181
1626456181
1626456181
1626456181
1626456181
1626456182
1626456182
1626456182
1626456182
1626456182
1626456184
1626456184
1626456184
1626456184
1626456185
1626456185
1626456185
1626456185
1626456186
1626456186
1626456186
1626456186
1626456187
1626456187
1626456187
1626456188
1626456188
1626456188
1626456188
1626456189
1626456189
1626456189
1626456190
1626456190
1626456190
1626456190
1626456191
1626456191
1626456191
1626456191
1626456191
1626456192
1626456192
1626456192
1626456192
1626456192
1626456193
1626456193
1626456193
1626456194
1626456194
1626456195
1626456195
1626456196
1626456197
1626456197
1626456197
1626456197
1626456198
1626456199
1626456202
1626456202
1626456202
1626456203
1626456204
1626456205
1626456209
1626456212
1626456224
1626456229
1626456232
1626456233
1626456233
1626456248
1626456269
1626456300
1626456300
1626456300
1626456300
1626456300
1626456300
1626456300
1626456300
1626456300
1626456300
1626456303
1626456303
1626456304
1626456306
1626456306
1626456307
1626456310
1626456310
1626456311
1626456311
1626456312
1626456312
1626456313
1626456314
1626456314
1626456315
1626456315
1626456315
1626456316
1626456316
1626456317
1626456317
1626456317
1626456317
1626456317
1626456318
1626456318
1626456318
1626456319
1626456319
1626456319
1626456319
1626456319
1626456320
1626456320
1626456321
1626456322
1626456323
1626456323
1626456324
1626456324
1626456325
1626456327
1626456327
1626456327
1626456327
1626456328
1626456328
1626456328
1626456328
1626456329
1626456329
1626456329
1626456330
1626456330
1626456330
1626456330
1626456330
1626456330
1626456330
1626456330
1626456331
1626456331
1626456331
1626456331
1626456331
1626456332
1626456332
1626456333
1626456333
1626456333
1626456333
1626456333
1626456334
1626456334
1626456334
1626456334
1626456335
1626456335
1626456335
1626456335
1626456335
1626456335
1626456335
1626456335
1626456336
1626456336
1626456336
1626456336
1626456336
1626456336
1626456336
1626456336
1626456337
1626456337
1626456337
1626456337
1626456337
1626456337
1626456337
1626456338
1626456338
1626456338
1626456338
1626456338
1626456338
1626456338
1626456338
1626456339
1626456339
1626456339
1626456340
1626456340
1626456340
1626456340
1626456340
1626456340
1626456340
1626456340
1626456341
1626456341
1626456341
1626456341
1626456341
1626456341
1626456342
1626456342
1626456342
1626456342
1626456343
1626456343
1626456344
1626456345
1626456345
1626456345
1626456346
1626456346
1626456346
1626456347
1626456347
1626456347
1626456347
1626456348
1626456348
1626456348
1626456348
1626456349
1626456349
1626456350
1626456350
1626456351
1626456351
1626456351
1626456351
1626456352
1626456352
1626456352
1626456353
1626456353
1626456354
1626456355
1626456355
1626456355
1626456360
1626456360
1626456361
1626456364
1626456374
1626456387
1626456394
1626456396
1626456398
1626456404
1626456404
1626456407
1626456442
1626456459
1626456465
1626456468
1626456474
1626456474
1626456480
1626456480
1626456480
1626456480
1626456480
1626456480
1626456480
1626456480
1626456484
1626456488
1626456494
1626456502
1626456503
1626456503
1626456504
1626456505
1626456505
1626456507
1626456507
1626456508
1626456508
1626456510
1626456511
1626456513
1626456513
1626456514
1626456514
1626456515
1626456515
1626456515
1626456515
1626456516
1626456516
1626456516
1626456517
1626456517
1626456518
1626456518
1626456518
1626456518
1626456518
1626456519
1626456519
1626456519
1626456519
1626456519
1626456519
1626456520
1626456520
1626456520
1626456520
1626456520
1626456520
1626456520
1626456520
1626456520
1626456521
1626456521
1626456521
1626456522
1626456522
1626456523
1626456523
1626456523
1626456523
1626456524
1626456524
1626456525
1626456525
1626456526
1626456528
1626456529
1626456530
1626456530
1626456540
1626456540
1626456540
1626456540
1626456540
1626456559
1626456561
1626456562
1626456564
1626456568
1626456568
1626456568
1626456569
1626456570
1626456571
1626456572
1626456573
1626456582
1626456585
1626456586
1626456586
1626456586
1626456587
1626456589
1626456589
1626456590
1626456591
1626456591
1626456593
1626456593
1626456593
1626456597
1626456598
1626456600
1626456600
1626456604
1626456604
1626456605
1626456608
1626456609
1626456613
1626456614
1626456615
1626456619
1626456626
1626456626
1626456627
1626456635
1626456636
1626456660
1626456660
1626456660
1626456660
1626456666
1626456671
1626456673
1626456673
1626456676
1626456676
1626456680
1626456681
1626456685
1626456685
1626456688
1626456690
1626456694
1626456694
1626456696
1626456698
1626456699
1626456699
1626456700
1626456701
1626456701
1626456701
1626456701
1626456701
1626456701
1626456701
1626456702
1626456702
1626456702
1626456702
1626456702
1626456702
1626456702
1626456703
1626456703
1626456704
1626456705
1626456705
1626456705
1626456705
1626456706
1626456706
1626456706
1626456706
1626456707
1626456708
1626456709
1626456709
1626456709
1626456709
1626456710
1626456710
1626456710
1626456711
1626456711
1626456711
1626456711
1626456711
1626456712
1626456712
1626456712
1626456713
1626456713
1626456713
1626456714
1626456714
1626456714
1626456715
1626456715
1626456715
1626456715
1626456715
1626456715
1626456715
1626456715
1626456717
1626456717
1626456717
1626456717
1626456718
1626456718
1626456719
1626456720
1626456721
1626456721
1626456721
1626456721
1626456721
1626456721
1626456721
1626456721
1626456721
1626456722
1626456722
1626456722
1626456723
1626456724
1626456724
1626456724
1626456725
1626456725
1626456725
1626456725
1626456725
1626456725
1626456725
1626456726
1626456726
1626456726
1626456726
1626456726
1626456726
1626456726
1626456727
1626456728
1626456728
1626456730
1626456739
1626456750
1626456755
1626456760
1626456764
1626456767
1626456781
1626456788
1626456788
1626456800
1626456807
1626456811
1626456814
1626456821
1626456821
1626456822
1626456840
1626456853
1626456864
1626456873
1626456883
1626456884
1626456884
1626456892
1626456892
1626456894
1626456900
1626456900
1626456900
1626456903
1626456928
1626456930
1626456939
1626456943
1626456944
1626456945
1626456947
1626456947
1626456949
1626456950
1626456951
1626456951
1626456952
1626456952
1626456953
1626456953
1626456955
1626456957
1626456958
1626456958
1626456959
1626456959
1626456960
1626456960
1626456960
1626456960
1626456960
1626456960
1626456960
1626456961
1626456961
1626456961
1626456962
1626456962
1626456963
1626456963
1626456963
1626456963
1626456963
1626456964
1626456964
1626456964
1626456964
1626456965
1626456965
1626456965
1626456965
1626456965
1626456966
1626456966
1626456966
1626456966
1626456968
1626456970
1626456970
1626456970
1626456972
1626456972
1626456973
1626456973
1626456973
1626456975
1626456977
1626456978
1626456978
1626456978
1626456978
1626456979
1626456979
1626456980
1626456981
1626456981
1626456984
1626456984
1626456984
1626456984
1626456985
1626456986
1626456986
1626456987
1626456988
1626456988
1626456989
1626456990
1626456990
1626456990
1626456990
1626456991
1626456991
1626456993
1626456994
1626456994
1626456994
1626456996
1626456997
1626456997
1626456997
1626457020
1626457020
1626457020
1626457020
1626457020
1626457036
1626457040
1626457041
1626457041
1626457041
1626457043
1626457046
1626457047
1626457048
1626457049
1626457049
1626457049
1626457050
1626457051
1626457052
1626457052
1626457052
1626457053
1626457053
1626457054
1626457054
1626457055
1626457055
1626457055
1626457055
1626457055
1626457056
1626457056
1626457056
1626457056
1626457057
1626457057
1626457057
1626457057
1626457057
1626457057
1626457058
1626457058
1626457058
1626457059
1626457059
1626457059
1626457059
1626457060
1626457062
1626457063
1626457063
1626457065
1626457065
1626457066
1626457066
1626457066
1626457067
1626457068
1626457069
1626457069
1626457070
1626457080
1626457090
1626457110
1626457140
1626457140
1626457160
1626457160
1626457170
1626457200
1626457200
1626457200
1626457200
1626457203
1626457230
1626457237
1626457238
1626457239
1626457243
1626457243
1626457247
1626457249
1626457249
1626457250
1626457252
1626457259
1626457260
1626457260
1626457260
1626457260
1626457260
1626457260
1626457260
1626457260
1626457260
1626457260
1626457260
1626457260
1626457260
1626457260
1626457260
1626457260
1626457260
1626457260
1626457260
1626457261
1626457263
1626457264
1626457265
1626457269
1626457270
1626457272
1626457274
1626457274
1626457275
1626457275
1626457275
1626457276
1626457276
1626457276
1626457276
1626457276
1626457276
1626457277
1626457277
1626457277
1626457277
1626457277
1626457277
1626457277
1626457278
1626457278
1626457278
1626457278
1626457278
1626457278
1626457278
1626457279
1626457279
1626457279
1626457280
1626457280
1626457280
1626457280
1626457280
1626457280
1626457281
1626457281
1626457281
1626457281
1626457281
1626457281
1626457281
1626457281
1626457281
1626457281
1626457281
1626457282
1626457282
1626457282
1626457282
1626457282
1626457282
1626457282
1626457282
1626457282
1626457282
1626457282
1626457282
1626457282
1626457282
1626457283
1626457283
1626457283
1626457283
1626457283
1626457283
1626457283
1626457283
1626457283
1626457283
1626457284
1626457284
1626457284
1626457284
1626457284
1626457284
1626457284
1626457284
1626457285
1626457285
1626457285
1626457285
1626457285
1626457286
1626457286
1626457286
1626457286
1626457286
1626457286
1626457286
1626457286
1626457286
1626457286
1626457286
1626457287
1626457287
1626457287
1626457287
1626457287
1626457287
1626457288
1626457288
1626457288
1626457288
1626457288
1626457289
1626457289
1626457289
1626457289
1626457290
1626457290
1626457290
1626457290
1626457290
1626457290
1626457290
1626457290
1626457291
1626457291
1626457291
1626457291
1626457291
1626457291
1626457291
1626457291
1626457291
1626457291
1626457291
1626457292
1626457292
1626457292
1626457292
1626457292
1626457292
1626457292
1626457292
1626457293
1626457293
1626457293
1626457293
1626457293
1626457293
1626457293
1626457293
1626457293
1626457294
1626457294
1626457294
1626457294
1626457294
1626457294
1626457294
1626457294
1626457294
1626457294
1626457294
1626457294
1626457295
1626457295
1626457295
1626457295
1626457295
1626457295
1626457295
1626457295
1626457295
1626457295
1626457295
1626457295
1626457296
1626457296
1626457296
1626457296
1626457296
1626457296
1626457296
1626457296
1626457297
1626457297
1626457297
1626457297
1626457297
1626457297
1626457297
1626457297
1626457297
1626457297
1626457298
1626457298
1626457298
1626457298
1626457298
1626457298
1626457298
1626457298
1626457298
1626457298
1626457299
1626457300
1626457300
1626457301
1626457301
1626457301
1626457301
1626457302
1626457302
1626457302
1626457302
1626457307
1626457307
1626457309
1626457309
1626457313
1626457313
1626457318
1626457319
1626457320
1626457320
1626457334
1626457340
1626457340
1626457373
1626457389
1626457428
1626457433
1626457440
1626457448
1626457456
1626457471
1626457486
1626457500
1626457502
1626457505
1626457506
1626457518
1626457519
1626457522
1626457523
1626457526
1626457560
1626457569
1626457576
1626457583
1626457588
1626457596
1626457600
1626457600
1626457620
1626457620
1626457620
1626457620
1626457620
1626457623
1626457623
1626457624
1626457626
1626457627
1626457627
1626457627
1626457629
1626457629
1626457629
1626457629
1626457630
1626457630
1626457631
1626457631
1626457631
1626457632
1626457632
1626457633
1626457633
1626457633
1626457633
1626457634
1626457634
1626457634
1626457634
1626457637
1626457637
1626457640
1626457640
1626457641
1626457644
1626457644
1626457646
1626457648
1626457649
1626457651
1626457652
1626457652
1626457653
1626457653
1626457653
1626457654
1626457654
1626457655
1626457656
1626457656
1626457656
1626457657
1626457657
1626457657
1626457658
1626457658
1626457659
1626457659
1626457659
1626457659
1626457659
1626457660
1626457660
1626457660
1626457660
1626457660
1626457661
1626457662
1626457664
1626457664
1626457664
1626457664
1626457665
1626457667
1626457667
1626457667
1626457668
1626457668
1626457669
1626457669
1626457669
1626457669
1626457670
1626457670
1626457670
1626457670
1626457670
1626457671
1626457671
1626457671
1626457671
1626457671
1626457672
1626457672
1626457672
1626457674
1626457674
1626457674
1626457674
1626457674
1626457674
1626457675
1626457676
1626457677
1626457680
1626457680
1626457680
1626457681
1626457692
1626457694
1626457700
1626457702
1626457704
1626457712
1626457720
1626457726
1626457726
1626457728
1626457767
1626457800
1626457800
1626457800
1626457800
1626457800
1626457802
1626457803
1626457806
1626457811
1626457814
1626457814
1626457816
1626457818
1626457819
1626457820
1626457820
1626457822
1626457822
1626457823
1626457824
1626457824
1626457826
1626457827
1626457829
1626457831
1626457831
1626457831
1626457833
1626457834
1626457834
1626457834
1626457834
1626457836
1626457836
1626457836
1626457838
1626457842
1626457845
1626457847
1626457848
1626457855
1626457859
1626457859
1626457860
1626457860
1626457861
1626457863
1626457863
1626457863
1626457867
1626457867
1626457869
1626457869
1626457871
1626457872
1626457874
1626457876
1626457876
1626457876
1626457877
1626457879
1626457879
1626457882
1626457883
1626457885
1626457885
1626457887
1626457901
1626457903
1626457914
1626457915
1626457938
1626457956
1626457974
1626457992
1626458000
1626458026
1626458032
1626458033
1626458034
1626458036
1626458037
1626458040
1626458049
1626458050
1626458057
1626458058
1626458060
1626458061
1626458061
1626458061
1626458062
1626458062
1626458063
1626458063
1626458064
1626458065
1626458066
1626458070
1626458076
1626458076
1626458080
1626458082
1626458084
1626458084
1626458092
1626458098
1626458098
1626458100
1626458100
1626458103
1626458103
1626458112
1626458114
1626458125
1626458126
1626458126
1626458128
1626458131
1626458131
1626458142
1626458142
1626458145
1626458146
1626458150
1626458151
1626458151
1626458153
1626458156
1626458157
1626458158
1626458160
1626458160
1626458160
1626458160
1626458161
1626458163
1626458169
1626458169
1626458169
1626458170
1626458170
1626458170
1626458172
1626458174
1626458174
1626458174
1626458175
1626458175
1626458175
1626458177
1626458179
1626458180
1626458183
1626458187
1626458215
1626458280
1626458280
1626458296
1626458302
1626458305
1626458310
1626458314
1626458334
1626458335
1626458340
1626458340
1626458340
1626458347
1626458348
1626458351
1626458352
1626458354
1626458367
1626458370
1626458376
1626458378
1626458379
1626458379
1626458381
1626458382
1626458383
1626458384
1626458387
1626458387
1626458387
1626458390
1626458390
1626458390
1626458391
1626458392
1626458393
1626458394
1626458395
1626458398
1626458398
1626458399
1626458400
1626458400
1626458400
1626458400
1626458403
1626458405
1626458405
1626458409
1626458412
1626458412
1626458414
1626458415
1626458416
1626458416
1626458416
1626458418
1626458419
1626458419
1626458419
1626458420
1626458420
1626458421
1626458421
1626458421
1626458423
1626458423
1626458424
1626458424
1626458424
1626458425
1626458425
1626458426
1626458426
1626458428
1626458440
1626458460
1626458460
1626458460
1626458509
1626458511
1626458520
1626458520
1626458520
1626458520
1626458520
1626458520
1626458536
1626458546
1626458547
1626458548
1626458558
1626458558
1626458562
1626458563
1626458565
1626458568
1626458568
1626458571
1626458574
1626458575
1626458575
1626458576
1626458576
1626458576
1626458576
1626458579
1626458580
1626458580
1626458580
1626458580
1626458580
1626458580
1626458580
1626458584
1626458585
1626458586
1626458590
1626458591
1626458594
1626458594
1626458597
1626458598
1626458601
1626458601
1626458601
1626458603
1626458604
1626458607
1626458607
1626458608
1626458609
1626458609
1626458609
1626458610
1626458611
1626458612
1626458613
1626458617
1626458621
1626458622
1626458624
1626458625
1626458626
1626458627
1626458628
1626458629
1626458631
1626458632
1626458636
1626458636
1626458638
1626458642
1626458655
1626458659
1626458661
1626458692
1626458696
1626458698
1626458700
1626458700
1626458700
1626458700
1626458700
1626458700
1626458700
1626458707
1626458707
1626458711
1626458713
1626458713
1626458715
1626458715
1626458717
1626458718
1626458718
1626458719
1626458719
1626458719
1626458720
1626458721
1626458721
1626458722
1626458723
1626458725
1626458725
1626458726
1626458726
1626458726
1626458727
1626458727
1626458727
1626458727
1626458727
1626458728
1626458728
1626458729
1626458729
1626458729
1626458729
1626458729
1626458730
1626458730
1626458730
1626458731
1626458731
1626458731
1626458731
1626458731
1626458731
1626458732
1626458732
1626458732
1626458732
1626458733
1626458733
1626458733
1626458733
1626458733
1626458733
1626458734
1626458734
1626458734
1626458734
1626458734
1626458734
1626458734
1626458734
1626458735
1626458735
1626458735
1626458736
1626458736
1626458736
1626458736
1626458736
1626458736
1626458736
1626458736
1626458737
1626458737
1626458737
1626458738
1626458738
1626458738
1626458738
1626458738
1626458738
1626458738
1626458738
1626458738
1626458739
1626458739
1626458740
1626458740
1626458741
1626458741
1626458741
1626458741
1626458741
1626458741
1626458742
1626458742
1626458742
1626458742
1626458742
1626458743
1626458743
1626458743
1626458744
1626458744
1626458744
1626458744
1626458745
1626458745
1626458745
1626458745
1626458745
1626458746
1626458747
1626458748
1626458748
1626458749
1626458749
1626458749
1626458749
1626458751
1626458751
1626458751
1626458753
1626458757
1626458757
1626458760
1626458760
1626458764
1626458777
1626458781
1626458795
1626458798
1626458816
1626458820
1626458820
1626458845
1626458856
1626458863
1626458871
1626458873
1626458940
1626458940
1626458950
1626458955
1626458972
1626458985
1626459000
1626459000
1626459011
1626459023
1626459060
1626459060
1626459060
1626459060
1626459060
1626459060
1626459060
1626459060
1626459060
1626459060
1626459063
1626459066
1626459071
1626459072
1626459074
1626459079
1626459080
1626459087
1626459090
1626459090
1626459090
1626459092
1626459092
1626459093
1626459094
1626459095
1626459095
1626459096
1626459097
1626459097
1626459097
1626459099
1626459101
1626459102
1626459103
1626459104
1626459105
1626459106
1626459106
1626459106
1626459106
1626459106
1626459107
1626459107
1626459107
1626459108
1626459108
1626459108
1626459108
1626459108
1626459109
1626459110
1626459110
1626459110
1626459110
1626459111
1626459112
1626459112
1626459112
1626459113
1626459113
1626459114
1626459115
1626459117
1626459117
1626459117
1626459117
1626459118
1626459119
1626459120
1626459120
1626459120
1626459120
1626459120
1626459120
1626459120
1626459122
1626459122
1626459122
1626459123
1626459123
1626459123
1626459124
1626459124
1626459124
1626459124
1626459125
1626459125
1626459125
1626459125
1626459126
1626459126
1626459126
1626459126
1626459127
1626459127
1626459127
1626459127
1626459127
1626459127
1626459128
1626459128
1626459128
1626459129
1626459129
1626459129
1626459130
1626459130
1626459130
1626459131
1626459131
1626459131
1626459131
1626459131
1626459131
1626459131
1626459131
1626459131
1626459131
1626459132
1626459133
1626459133
1626459133
1626459133
1626459134
1626459134
1626459134
1626459134
1626459134
1626459134
1626459134
1626459134
1626459134
1626459134
1626459134
1626459135
1626459135
1626459135
1626459135
1626459135
1626459135
1626459135
1626459136
1626459136
1626459136
1626459136
1626459136
1626459137
1626459137
1626459137
1626459137
1626459137
1626459138
1626459138
1626459138
1626459138
1626459138
1626459138
1626459138
1626459138
1626459138
1626459138
1626459139
1626459139
1626459139
1626459139
1626459139
1626459139
1626459139
1626459139
1626459139
1626459140
1626459140
1626459141
1626459141
1626459142
1626459142
1626459142
1626459146
1626459148
1626459154
1626459154
1626459154
1626459169
1626459171
1626459173
1626459179
1626459180
1626459196
1626459207
1626459209
1626459213
1626459240
1626459244
1626459284
1626459300
1626459300
1626459300
1626459300
1626459313
1626459315
1626459319
1626459331
1626459347
1626459347
1626459350
1626459350
1626459352
1626459352
1626459352
1626459353
1626459353
1626459354
1626459354
1626459354
1626459355
1626459355
1626459356
1626459356
1626459356
1626459356
1626459356
1626459357
1626459357
1626459358
1626459358
1626459358
1626459358
1626459359
1626459360
1626459360
1626459360
1626459360
1626459360
1626459360
1626459360
1626459360
1626459360
1626459360
1626459360
1626459360
1626459360
1626459360
1626459360
1626459360
1626459360
1626459360
1626459360
1626459360
1626459362
1626459363
1626459363
1626459363
1626459363
1626459364
1626459364
1626459365
1626459366
1626459366
1626459367
1626459367
1626459367
1626459367
1626459367
1626459367
1626459367
1626459367
1626459367
1626459367
1626459368
1626459368
1626459369
1626459369
1626459369
1626459370
1626459370
1626459370
1626459370
1626459370
1626459370
1626459370
1626459370
1626459371
1626459371
1626459371
1626459371
1626459372
1626459372
1626459372
1626459373
1626459373
1626459373
1626459373
1626459374
1626459374
1626459374
1626459374
1626459374
1626459374
1626459374
1626459374
1626459375
1626459375
1626459375
1626459376
1626459376
1626459376
1626459376
1626459377
1626459378
1626459379
1626459379
1626459379
1626459379
1626459380
1626459381
1626459381
1626459383
1626459383
1626459384
1626459384
1626459385
1626459385
1626459385
1626459385
1626459386
1626459386
1626459387
1626459388
1626459388
1626459388
1626459389
1626459389
1626459389
1626459390
1626459390
1626459390
1626459391
1626459391
1626459392
1626459392
1626459392
1626459393
1626459393
1626459394
1626459394
1626459395
1626459395
1626459395
1626459396
1626459396
1626459396
1626459397
1626459397
1626459398
1626459398
1626459399
1626459399
1626459400
1626459400
1626459400
1626459401
1626459402
1626459402
1626459402
1626459403
1626459404
1626459405
1626459405
1626459405
1626459406
1626459406
1626459406
1626459406
1626459408
1626459408
1626459408
1626459409
1626459411
1626459411
1626459411
1626459411
1626459412
1626459412
1626459412
1626459413
1626459413
1626459413
1626459414
1626459414
1626459415
1626459415
1626459415
1626459416
1626459416
1626459416
1626459416
1626459416
1626459417
1626459417
1626459418
1626459418
1626459418
1626459418
1626459419
1626459419
1626459419
1626459419
1626459419
1626459420
1626459420
1626459420
1626459420
1626459420
1626459421
1626459421
1626459422
1626459422
1626459423
1626459423
1626459425
1626459426
1626459426
1626459426
1626459426
1626459426
1626459426
1626459429
1626459429
1626459429
1626459430
1626459432
1626459432
1626459432
1626459432
1626459432
1626459432
1626459433
1626459434
1626459435
1626459435
1626459435
1626459435
1626459436
1626459438
1626459439
1626459439
1626459439
1626459440
1626459442
1626459443
1626459444
1626459445
1626459445
1626459446
1626459462
1626459479
1626459480
1626459506
1626459523
1626459630
1626459650
1626459660
1626459720
1626459742
1626459770
1626459784
1626459810
1626459840
1626459840
1626459840
1626459840
1626459861
1626459865
1626459873
1626459874
1626459874
1626459877
1626459881
1626459882
1626459882
1626459883
1626459886
1626459887
1626459889
1626459889
1626459890
1626459891
1626459893
1626459893
1626459894
1626459896
1626459896
1626459896
1626459898
1626459898
1626459899
1626459900
1626459900
1626459900
1626459900
1626459900
1626459900
1626459900
1626459902
1626459902
1626459904
1626459904
1626459904
1626459908
1626459908
1626459908
1626459908
1626459909
1626459910
1626459911
1626459913
1626459916
1626459916
1626459928
1626459963
1626459995
1626460015
1626460020
1626460020
1626460038
1626460041
1626460045
1626460046
1626460047
1626460050
1626460050
1626460051
1626460053
1626460054
1626460054
1626460055
1626460055
1626460055
1626460055
1626460057
1626460058
1626460060
1626460061
1626460062
1626460062
1626460065
1626460066
1626460066
1626460067
1626460070
1626460070
1626460072
1626460073
1626460075
1626460078
1626460078
1626460080
1626460080
1626460080
1626460081
1626460081
1626460083
1626460100
1626460140
1626460149
1626460170
1626460183
1626460195
1626460233
1626460260
1626460260
1626460263
1626460295
1626460308
1626460313
1626460316
1626460318
1626460320
1626460320
1626460320
1626460320
1626460320
1626460320
1626460320
1626460322
1626460330
1626460332
1626460332
1626460337
1626460337
1626460338
1626460339
1626460340
1626460344
1626460344
1626460346
1626460347
1626460347
1626460347
1626460348
1626460349
1626460349
1626460350
1626460351
1626460352
1626460353
1626460356
1626460362
1626460363
1626460365
1626460366
1626460370
1626460373
1626460401
1626460421
1626460424
1626460440
1626460440
1626460450
1626460451
1626460458
1626460459
1626460459
1626460460
1626460469
1626460469
1626460471
1626460471
1626460472
1626460472
1626460472
1626460472
1626460472
1626460473
1626460474
1626460474
1626460474
1626460476
1626460476
1626460477
1626460477
1626460477
1626460477
1626460478
1626460478
1626460478
1626460479
1626460480
1626460481
1626460481
1626460482
1626460486
1626460500
1626460500
1626460504
1626460508
1626460509
1626460509
1626460509
1626460510
1626460511
1626460513
1626460515
1626460515
1626460515
1626460515
1626460516
1626460516
1626460516
1626460516
1626460516
1626460517
1626460517
1626460518
1626460518
1626460519
1626460519
1626460519
1626460521
1626460521
1626460522
1626460522
1626460522
1626460522
1626460523
1626460523
1626460524
1626460524
1626460525
1626460526
1626460528
1626460528
1626460528
1626460528
1626460529
1626460530
1626460530
1626460530
1626460531
1626460532
1626460532
1626460532
1626460533
1626460533
1626460534
1626460535
1626460535
1626460536
1626460536
1626460537
1626460544
1626460544
1626460544
1626460545
1626460547
1626460548
1626460549
1626460549
1626460550
1626460551
1626460554
1626460557
1626460558
1626460558
1626460560
1626460560
1626460560
1626460560
1626460561
1626460562
1626460562
1626460563
1626460563
1626460563
1626460565
1626460567
1626460568
1626460569
1626460569
1626460569
1626460569
1626460571
1626460571
1626460571
1626460571
1626460572
1626460572
1626460572
1626460574
1626460575
1626460577
1626460578
1626460579
1626460581
1626460584
1626460585
1626460585
1626460586
1626460586
1626460586
1626460586
1626460588
1626460589
1626460592
1626460592
1626460594
1626460594
1626460595
1626460596
1626460598
1626460600
1626460625
1626460713
1626460800
1626460830
1626460860
1626460860
1626460889
1626460891
1626460894
1626460904
1626460972
1626460988
1626461021
1626461025
1626461039
1626461040
1626461057
1626461064
1626461075
1626461078
1626461088
1626461092
1626461097
1626461100
1626461101
1626461101
1626461102
1626461102
1626461103
1626461104
1626461105
1626461107
1626461108
1626461108
1626461109
1626461111
1626461114
1626461115
1626461115
1626461116
1626461116
1626461118
1626461123
1626461124
1626461125
1626461125
1626461126
1626461127
1626461129
1626461130
1626461132
1626461132
1626461133
1626461133
1626461137
1626461138
1626461139
1626461140
1626461143
1626461144
1626461144
1626461147
1626461152
1626461153
1626461160
1626461330
1626461365
1626461367
1626461398
1626461400
1626461401
1626461402
1626461403
1626461404
1626461419
1626461425
1626461428
1626461431
1626461431
1626461435
1626461437
1626461439
1626461439
1626461440
1626461441
1626461441
1626461442
1626461442
1626461442
1626461446
1626461447
1626461449
1626461449
1626461452
1626461453
1626461455
1626461458
1626461472
1626461473
1626461496
1626461533
1626461550
1626461555
1626461585
1626461586
1626461597
1626461605
1626461605
1626461619
1626461627
1626461631
1626461632
1626461634
1626461634
1626461634
1626461638
1626461643
1626461648
1626461650
1626461651
1626461653
1626461654
1626461655
1626461658
1626461659
1626461659
1626461659
1626461661
1626461699
1626461700
1626461745
1626461775
1626461779
1626461780
1626461791
1626461808
1626461811
1626461816
1626461820
1626461829
1626461880
1626461883
1626461884
1626461884
1626461886
1626461889
1626461892
1626461905
1626461923
1626461939
1626461940
1626461940
1626461940
1626461948
1626461949
1626461959
1626461966
1626461973
1626461975
1626461975
1626461975
1626461978
1626461978
1626461982
1626461983
1626461984
1626461987
1626461987
1626461987
1626461987
1626461990
1626461992
1626461996
1626461996
1626461997
1626461997
1626462000
1626462000
1626462000
1626462000
1626462000
1626462001
1626462001
1626462004
1626462006
1626462014
1626462014
1626462015
1626462016
1626462016
1626462017
1626462017
1626462019
1626462019
1626462023
1626462023
1626462031
1626462048
1626462050
1626462060
1626462061
1626462069
1626462069
1626462075
1626462088
1626462088
1626462101
1626462105
1626462108
1626462108
1626462108
1626462114
1626462117
1626462124
1626462132
1626462134
1626462134
1626462137
1626462145
1626462148
1626462152
1626462154
1626462170
1626462171
1626462177
1626462180
1626462182
1626462185
1626462187
1626462189
1626462208
1626462219
1626462223
1626462235
1626462238
1626462245
1626462246
1626462263
1626462266
1626462269
1626462269
1626462278
1626462299
1626462300
1626462300
1626462307
1626462307
1626462310
1626462316
1626462317
1626462319
1626462322
1626462323
1626462330
1626462333
1626462336
1626462336
1626462338
1626462348
1626462349
1626462351
1626462352
1626462354
1626462356
1626462356
1626462359
1626462368
1626462373
1626462395
1626462417
1626462445
1626462540
1626462540
1626462553
1626462563
1626462564
1626462576
1626462577
1626462585
1626462586
1626462594
1626462596
1626462599
1626462600
1626462600
1626462601
1626462604
1626462605
1626462606
1626462608
1626462609
1626462610
1626462610
1626462614
1626462616
1626462632
1626462637
1626462650
1626462669
1626462672
1626462692
1626462697
1626462715
1626462720
1626462720
1626462720
1626462720
1626462720
1626462730
1626462734
1626462741
1626462759
1626462770
1626462774
1626462779
1626462780
1626462780
1626462780
1626462783
1626462788
1626462788
1626462791
1626462794
1626462795
1626462796
1626462799
1626462800
1626462801
1626462806
1626462806
1626462807
1626462809
1626462811
1626462813
1626462813
1626462815
1626462815
1626462816
1626462816
1626462816
1626462817
1626462817
1626462818
1626462824
1626462825
1626462828
1626462830
1626462831
1626462840
1626462840
1626462900
1626462900
1626462905
1626462909
1626462912
1626462913
1626462917
1626462923
1626462960
1626462960
1626462981
1626462982
1626463001
1626463002
1626463042
1626463080
1626463084
1626463099
1626463099
1626463111
1626463112
1626463116
1626463120
1626463123
1626463124
1626463130
1626463133
1626463136
1626463139
1626463139
1626463140
1626463140
1626463142
1626463142
1626463143
1626463146
1626463146
1626463154
1626463154
1626463158
1626463158
1626463161
1626463162
1626463162
1626463163
1626463164
1626463166
1626463169
1626463171
1626463174
1626463175
1626463178
1626463180
1626463182
1626463186
1626463189
1626463218
1626463223
1626463231
1626463241
1626463246
1626463250
1626463254
1626463256
1626463260
1626463265
1626463273
1626463282
1626463285
1626463295
1626463314
1626463328
1626463329
1626463341
1626463347
1626463390
1626463393
1626463402
1626463414
1626463440
1626463440
1626463441
1626463474
1626463475
1626463478
1626463478
1626463479
1626463482
1626463485
1626463485
1626463486
1626463487
1626463487
1626463488
1626463489
1626463490
1626463491
1626463492
1626463493
1626463493
1626463493
1626463494
1626463497
1626463498
1626463500
1626463500
1626463502
1626463504
1626463504
1626463504
1626463509
1626463513
1626463514
1626463516
1626463518
1626463518
1626463519
1626463520
1626463524
1626463531
1626463535
1626463554
1626463593
1626463606
1626463632
1626463680
1626463707
1626463737
1626463737
1626463740
1626463740
1626463741
1626463741
1626463744
1626463750
1626463750
1626463753
1626463759
1626463762
1626463763
1626463765
1626463767
1626463771
1626463775
1626463775
1626463778
1626463779
1626463779
1626463780
1626463785
1626463788
1626463788
1626463800
1626463800
1626463800
1626463841
1626463852
1626463860
1626463860
1626463860
1626463860
1626463860
1626463892
1626463893
1626463894
1626463899
1626463899
1626463902
1626463902
1626463902
1626463904
1626463904
1626463905
1626463905
1626463908
1626463910
1626463913
1626463914
1626463916
1626463917
1626463919
1626463919
1626463920
1626463920
1626463923
1626463923
1626463925
1626463928
1626463933
1626463936
1626463938
1626463943
1626463946
1626463961
1626463961
1626463962
1626463970
1626463970
1626463974
1626463979
1626463980
1626463980
1626463984
1626463987
1626463990
1626463993
1626463996
1626464001
1626464005
1626464005
1626464005
1626464006
1626464007
1626464009
1626464010
1626464012
1626464013
1626464015
1626464018
1626464020
1626464024
1626464024
1626464030
1626464030
1626464030
1626464047
1626464047
1626464051
1626464052
1626464057
1626464059
1626464060
1626464071
1626464073
1626464075
1626464076
1626464077
1626464081
1626464088
1626464091
1626464091
1626464093
1626464093
1626464096
1626464096
1626464098
1626464100
1626464105
1626464107
1626464108
1626464115
1626464115
1626464117
1626464119
1626464119
1626464120
1626464124
1626464127
1626464128
1626464140
1626464142
1626464144
1626464150
1626464152
1626464154
1626464157
1626464160
1626464163
1626464164
1626464164
1626464170
1626464171
1626464171
1626464173
1626464177
1626464178
1626464182
1626464185
1626464187
1626464198
1626464199
1626464202
1626464208
1626464213
1626464214
1626464217
1626464219
1626464220
1626464220
1626464220
1626464228
1626464229
1626464229
1626464233
1626464240
1626464242
1626464244
1626464248
1626464251
1626464251
1626464258
1626464271
1626464275
1626464278
1626464280
1626464284
1626464285
1626464287
1626464290
1626464293
1626464302
1626464308
1626464311
1626464315
1626464335
1626464340
1626464342
1626464365
1626464373
1626464383
1626464396
1626464398
1626464400
1626464401
1626464409
1626464411
1626464413
1626464421
1626464432
1626464434
1626464439
1626464439
1626464444
1626464450
1626464450
1626464459
1626464460
1626464466
1626464486
1626464490
1626464491
1626464499
1626464501
1626464503
1626464503
1626464513
1626464520
1626464523
1626464544
1626464544
1626464545
1626464545
1626464548
1626464556
1626464562
1626464563
1626464569
1626464572
1626464573
1626464580
1626464589
1626464589
1626464590
1626464598
1626464604
1626464607
1626464621
1626464633
1626464638
1626464640
1626464641
1626464645
1626464646
1626464648
1626464651
1626464664
1626464675
1626464677
1626464679
1626464679
1626464683
1626464688
1626464688
1626464691
1626464691
1626464702
1626464707
1626464709
1626464709
1626464716
1626464723
1626464726
1626464726
1626464744
1626464751
1626464751
1626464755
1626464758
1626464766
1626464773
1626464776
1626464777
1626464780
1626464784
1626464789
1626464790
1626464791
1626464798
1626464812
1626464813
1626464814
1626464816
1626464817
1626464817
1626464820
1626464820
1626464826
1626464832
1626464844
1626464850
1626464854
1626464857
1626464868
1626464873
1626464873
1626464873
1626464874
1626464875
1626464898
1626464898
1626464899
1626464900
1626464904
1626464913
1626464921
1626464925
1626464930
1626464932
1626464940
1626464940
1626464942
1626464948
1626464949
1626464954
1626464960
1626464961
1626464966
1626464972
1626464976
1626464984
1626464984
1626464988
1626464991
1626464992
1626464996
1626465000
1626465000
1626465011
1626465026
1626465032
1626465036
1626465043
1626465052
1626465058
1626465060
1626465060
1626465074
1626465077
1626465079
1626465081
1626465090
1626465099
1626465101
1626465109
1626465110
1626465113
1626465120
1626465131
1626465138
1626465145
1626465164
1626465165
1626465172
1626465180
1626465181
1626465183
1626465188
1626465192
1626465203
1626465214
1626465224
1626465231
1626465236
1626465240
1626465250
1626465256
1626465257
1626465265
1626465265
1626465270
1626465285
1626465294
1626465305
1626465310
1626465311
1626465327
1626465328
1626465334
1626465350
1626465356
1626465363
1626465371
1626465372
1626465374
1626465380
1626465415
1626465420
1626465420
1626465420
1626465423
1626465432
1626465432
1626465437
1626465450
1626465452
1626465474
1626465480
1626465481
1626465500
1626465506
1626465513
1626465521
1626465529
1626465559
1626465582
1626465600
1626465600
1626465603
1626465611
1626465612
1626465614
1626465615
1626465617
1626465619
1626465626
1626465627
1626465628
1626465628
1626465631
1626465637
1626465653
1626465655
1626465658
1626465660
1626465660
1626465660
1626465661
1626465663
1626465670
1626465689
1626465703
1626465712
1626465720
1626465720
1626465733
1626465747
1626465750
1626465755
1626465756
1626465760
1626465762
1626465778
1626465795
1626465808
1626465814
1626465815
1626465819
1626465850
1626465854
1626465855
1626465862
1626465863
1626465866
1626465914
1626465933
1626465935
1626465936
1626465950
1626465956
1626465962
1626465981
1626465986
1626465992
1626466005
1626466011
1626466020
1626466021
1626466021
1626466029
1626466031
1626466042
1626466046
1626466048
1626466052
1626466056
1626466056
1626466060
1626466070
1626466073
1626466080
1626466083
1626466084
1626466090
1626466092
1626466095
1626466100
1626466102
1626466112
1626466115
1626466142
1626466145
1626466145
1626466147
1626466159
1626466165
1626466165
1626466168
1626466179
1626466184
1626466186
1626466190
1626466195
1626466202
1626466206
1626466211
1626466212
1626466216
1626466227
1626466250
1626466250
1626466252
1626466252
1626466258
1626466260
1626466264
1626466283
1626466288
1626466295
1626466300
1626466312
1626466316
1626466319
1626466331
1626466333
1626466340
1626466348
1626466352
1626466361
1626466372
1626466376
1626466380
1626466401
1626466406
1626466415
1626466436
1626466440
1626466442
1626466443
1626466461
1626466466
1626466486
1626466500
1626466506
1626466507
1626466508
1626466519
1626466533
1626466538
1626466546
1626466547
1626466560
1626466560
1626466560
1626466560
1626466562
1626466562
1626466563
1626466569
1626466574
1626466578
1626466578
1626466585
1626466587
1626466591
1626466602
1626466603
1626466616
1626466620
1626466620
1626466622
1626466625
1626466641
1626466645
1626466649
1626466653
1626466680
1626466680
1626466686
1626466687
1626466697
1626466699
1626466710
1626466711
1626466715
1626466730
1626466740
1626466744
1626466766
1626466768
1626466779
1626466797
1626466800
1626466805
1626466809
1626466836
1626466837
1626466850
1626466860
1626466861
1626466872
1626466879
1626466905
1626466911
1626466911
1626466920
1626466928
1626466929
1626466930
1626466932
1626466935
1626466939
1626466952
1626466953
1626466959
1626466961
1626466975
1626466980
1626466994
1626467009
1626467020
1626467020
1626467039
1626467040
1626467040
1626467042
1626467051
1626467070
1626467099
1626467100
1626467107
1626467138
1626467160
1626467172
1626467187
1626467200
1626467202
1626467203
1626467213
1626467214
1626467217
1626467239
1626467256
1626467265
1626467273
1626467274
1626467280
1626467283
1626467284
1626467291
1626467293
1626467293
1626467302
1626467303
1626467308
1626467321
1626467341
1626467343
1626467350
1626467350
1626467352
1626467355
1626467358
1626467374
1626467376
1626467394
1626467399
1626467404
1626467419
1626467428
1626467431
1626467439
1626467460
1626467460
1626467460
1626467466
1626467475
1626467475
1626467485
1626467515
1626467517
1626467517
1626467519
1626467519
1626467520
1626467523
1626467529
1626467530
1626467534
1626467560
1626467581
1626467606
1626467608
1626467618
1626467624
1626467631
1626467633
1626467663
1626467683
1626467700
1626467710
1626467710
1626467712
1626467727
1626467733
1626467741
1626467747
1626467754
1626467760
1626467768
1626467773
1626467800
1626467803
1626467805
1626467813
1626467813
1626467813
1626467839
1626467874
1626467880
1626467909
1626467922
1626467940
1626467960
1626467961
1626467966
1626467980
1626467986
1626467986
1626467994
1626468000
1626468012
1626468014
1626468027
1626468031
1626468033
1626468060
1626468061
1626468065
1626468071
1626468074
1626468074
1626468085
1626468103
1626468107
1626468114
1626468114
1626468120
1626468120
1626468156
1626468158
1626468163
1626468164
1626468175
1626468177
1626468180
1626468184
1626468188
1626468199
1626468209
1626468211
1626468245
1626468248
1626468260
1626468274
1626468294
1626468300
1626468328
1626468333
1626468362
1626468371
1626468389
1626468399
1626468403
1626468403
1626468403
1626468411
1626468432
1626468436
1626468443
1626468500
1626468505
1626468505
1626468548
1626468573
1626468621
1626468626
1626468640
1626468654
1626468661
1626468665
1626468676
1626468708
1626468715
1626468719
1626468720
1626468749
1626468755
1626468762
1626468774
1626468808
1626468817
1626468819
1626468820
1626468826
1626468837
1626468840
1626468866
1626468869
1626468875
1626468898
1626468909
1626468917
1626468917
1626468948
1626468952
1626468981
1626468983
1626468990
1626469004
1626469008
1626469016
1626469025
1626469031
1626469059
1626469066
1626469077
1626469080
1626469086
1626469086
1626469119
1626469133
1626469138
1626469144
1626469153
1626469164
1626469170
1626469178
1626469187
1626469188
1626469197
1626469203
1626469207
1626469222
1626469246
1626469276
1626469295
1626469308
1626469317
1626469414
1626469427
1626469436
1626469440
1626469464
1626469473
1626469483
1626469483
1626469500
1626469534
1626469542
1626469558
1626469560
1626469564
1626469616
1626469639
1626469641
1626469644
1626469656
1626469667
1626469672
1626469699
1626469706
1626469715
1626469725
1626469729
1626469733
1626469741
1626469754
1626469761
1626469765
1626469795
1626469799
1626469803
1626469808
1626469827
1626469862
1626469864
1626469883
1626469889
1626469920
1626469924
1626469926
1626469928
1626469929
1626469934
1626469951
1626469969
1626469984
1626469986
1626469990
1626469992
1626470032
1626470040
1626470051
1626470074
1626470082
1626470087
1626470103
1626470126
1626470141
1626470144
1626470161
1626470161
1626470170
1626470184
1626470198
1626470208
1626470227
1626470251
1626470270
1626470277
1626470280
1626470280
1626470299
1626470325
1626470340
1626470341
1626470346
1626470352
1626470373
1626470400
1626470402
1626470409
1626470410
1626470419
1626470424
1626470427
1626470430
1626470432
1626470445
1626470456
1626470460
1626470474
1626470514
1626470551
1626470575
1626470580
1626470592
1626470630
1626470640
1626470640
1626470640
1626470654
1626470661
1626470666
1626470675
1626470680
1626470680
1626470681
1626470683
1626470697
1626470700
1626470701
1626470720
1626470726
1626470745
1626470760
1626470767
1626470770
1626470780
1626470781
1626470789
1626470795
1626470806
1626470840
1626470880
1626470901
1626470930
1626470934
1626470943
1626470985
1626471003
1626471008
1626471012
1626471035
1626471057
1626471058
1626471060
1626471063
1626471113
1626471128
1626471144
1626471160
1626471180
1626471183
1626471194
1626471203
1626471217
1626471234
1626471237
1626471246
1626471253
1626471257
1626471263
1626471296
1626471331
1626471344
1626471378
1626471423
1626471447
1626471447
1626471448
1626471455
1626471482
1626471527
1626471531
1626471543
1626471544
1626471553
1626471553
1626471558
1626471561
1626471584
1626471600
1626471600
1626471612
1626471655
1626471657
1626471670
1626471685
1626471728
1626471732
1626471750
1626471782
1626471791
1626471802
1626471837
1626471839
1626471840
1626471850
1626471850
1626471856
1626471875
1626471900
1626471915
1626471918
1626471922
1626471941
1626471943
1626471952
1626471954
1626471963
1626471992
1626471997
1626471999
1626472017
1626472043
1626472049
1626472067
1626472080
1626472108
1626472110
1626472115
1626472123
1626472124
1626472129
1626472129
1626472140
1626472160
1626472189
1626472218
1626472221
1626472256
1626472272
1626472307
1626472307
1626472320
1626472336
1626472345
1626472345
1626472350
1626472363
1626472377
1626472379
1626472389
1626472400
1626472403
1626472419
1626472422
1626472430
1626472430
1626472469
1626472495
1626472497
1626472508
1626472518
1626472537
1626472556
1626472582
1626472582
1626472594
1626472603
1626472604
1626472605
1626472608
1626472610
1626472670
1626472686
1626472693
1626472699
1626472701
1626472727
1626472746
1626472756
1626472776
1626472783
1626472800
1626472833
1626472839
1626472843
1626472859
1626472860
1626472860
1626472877
1626472930
1626472955
1626472980
1626472987
1626473002
1626473020
1626473042
1626473050
1626473053
1626473056
1626473059
1626473085
1626473100
1626473100
1626473110
1626473138
1626473160
1626473161
1626473182
1626473186
1626473198
1626473208
1626473220
1626473235
1626473267
1626473268
1626473268
1626473279
1626473294
1626473319
1626473325
1626473331
1626473369
1626473374
1626473381
1626473390
1626473398
1626473400
1626473436
1626473439
1626473442
1626473501
1626473530
1626473537
1626473550
1626473557
1626473557
1626473559
1626473565
1626473566
1626473568
1626473640
1626473644
1626473662
1626473682
1626473692
1626473700
1626473700
1626473700
1626473703
1626473708
1626473715
1626473744
1626473816
1626473818
1626473828
1626473834
1626473839
1626473880
1626473886
1626473933
1626473942
1626473992
1626474000
1626474008
1626474017
1626474021
1626474026
1626474041
1626474059
1626474070
1626474080
1626474085
1626474097
1626474100
1626474102
1626474103
1626474107
1626474119
1626474120
1626474133
1626474167
1626474172
1626474185
1626474220
1626474228
1626474231
1626474240
1626474266
1626474291
1626474337
1626474363
1626474399
1626474404
1626474420
1626474468
1626474480
1626474516
1626474522
1626474529
1626474531
1626474547
1626474574
1626474584
1626474600
1626474603
1626474611
1626474622
1626474639
1626474708
1626474749
1626474770
1626474780
1626474822
1626474825
1626474839
1626474839
1626474839
1626474876
1626474882
1626474900
1626474914
1626474919
1626474932
1626474939
1626474983
1626475006
1626475011
1626475043
1626475087
1626475092
1626475124
1626475130
1626475141
1626475154
1626475158
1626475160
1626475188
1626475193
1626475199
1626475232
1626475235
1626475242
1626475293
1626475308
1626475310
1626475324
1626475345
1626475346
1626475411
1626475455
1626475470
1626475476
1626475486
1626475492
1626475511
1626475537
1626475562
1626475563
1626475572
1626475620
1626475777
1626475800
1626475823
1626475897
1626475902
1626475918
1626475935
1626475936
1626475944
1626475951
1626475980
1626475998
1626476006
1626476040
1626476041
1626476041
1626476055
1626476076
1626476131
1626476158
1626476160
1626476180
1626476226
1626476227
1626476236
1626476237
1626476247
1626476275
1626476297
1626476323
1626476329
1626476357
1626476384
1626476402
1626476416
1626476423
1626476439
1626476444
1626476446
1626476480
1626476492
1626476514
1626476552
1626476580
1626476617
1626476640
1626476686
1626476711
1626476760
1626476766
1626476784
1626476795
1626476820
1626476820
1626476821
1626476839
1626476905
1626476928
1626476933
1626476953
1626476984
1626477011
1626477018
1626477032
1626477060
1626477085
1626477105
1626477129
1626477141
1626477204
1626477232
1626477235
1626477244
1626477250
1626477259
1626477316
1626477323
1626477334
1626477341
1626477344
1626477427
1626477428
1626477456
1626477479
1626477480
1626477506
1626477562
1626477720
1626477724
1626477762
1626477784
1626477796
1626477822
1626477864
1626477879
1626477885
1626477969
1626478066
1626478139
1626478179
1626478188
1626478210
1626478213
1626478259
1626478282
1626478291
1626478305
1626478323
1626478366
1626478417
1626478473
1626478495
1626478500
1626478553
1626478628
1626478632
1626478661
1626478685
1626478751
1626478753
1626478770
1626478793
1626478905
1626478948
1626478980
1626479084
1626479086
1626479100
1626479129
1626479223
1626479239
1626479252
1626479259
1626479270
1626479275
1626479275
1626479287
1626479316
1626479319
1626479394
1626479440
1626479446
1626479491
1626479520
1626479523
1626479523
1626479554
1626479631
1626479758
1626479881
1626479919
1626479941
1626479999
1626480060
1626480112
1626480120
1626480180
1626480191
1626480244
1626480384
1626480404
1626480420
1626480420
1626480445
1626480493
1626480511
1626480540
1626480616
1626480661
1626480693
1626480788
1626480840
1626480849
1626480932
1626481070
1626481160
1626481202
1626481310
1626481369
1626481408
1626481426
1626481571
1626481581
1626481729
1626481784
1626481817
1626481913
1626481980
1626482027
1626482040
1626482271
1626482294
1626482396
1626482460
1626482562
1626482591
1626482958
1626483167
1626483328
1626483360
1626483377
1626483439
1626483515
1626483589
1626483618
1626483618
1626483803
1626483817
1626483840
1626483936
1626483936
1626484076
1626484083
1626484104
1626484138
1626484323
1626484323
1626484350
1626484427
1626484449
1626484464
1626484609
1626484649
1626484662
1626484685
1626484830
1626484920
1626484980
1626485030
1626485074
1626485113
1626485132
1626485151
1626485192
1626485269
1626485437
1626485565
1626485592
1626485792
1626485800
1626485831
1626485863
1626485880
1626485940
1626485958
1626486106
1626486107
1626486163
1626486195
1626486209
1626486251
1626486327
1626486420
1626486452
1626486492
1626486556
1626486563
1626486780
1626486936
1626486961
1626487260
1626487283
1626487412
1626487757
1626487799
1626488006
1626488135
1626488207
1626488220
1626488288
1626488368
1626488640
1626488791
1626488890
1626488982
1626489088
1626489140
1626489296
1626489589
1626489591
1626489671
1626489860
1626489868
1626490109
1626490303
1626490421
1626490504
1626490596
1626490598
1626490753
1626490991
1626491033
1626491103
1626491121
1626491310
1626491396
1626491448
1626491657
1626491795
1626492382
1626492561
1626492684
1626492720
1626492861
1626493069
1626493123
1626493170
1626493261
1626493298
1626493598
1626493746
1626493774
1626493796
1626493904
1626494011
1626494230
1626494340
1626494508
1626494860
1626495000
1626495269
1626495305
1626495438
1626495481
1626495595
1626495597
1626495784
1626495973
1626496041
1626496297
1626496312
1626496398
1626496736
1626496749
1626496753
1626496819
1626496951
1626497293
1626497350
1626497667
1626497776
1626497787
1626497829
1626497972
1626498071
1626498338
1626498720
1626498720
1626499070
1626499300
1626499309
1626499345
1626499363
1626499380
1626499685
1626499920
1626499986
1626500041
1626500140
1626500287
1626500383
1626500614
1626500801
1626500928
1626501068
1626501460
1626501539
1626501600
1626501691
1626501847
1626501892
1626502031
1626502058
1626502080
1626502324
1626502364
1626502560
1626502616
1626502678
1626502825
1626502872
1626502938
1626502940
1626502980
1626503026
1626503046
1626503140
1626503640
1626503742
1626503813
1626503853
1626503865
1626503866
1626503871
1626504100
1626504174
1626504295
1626504308
1626504345
1626504347
1626504635
1626504728
1626504992
1626505047
1626505104
1626505117
1626505200
1626505265
1626505313
1626505375
1626505479
1626505512
1626505551
1626505560
1626505679
1626505685
1626505766
1626506034
1626506100
1626506107
1626506144
1626506245
1626506269
1626506569
1626506679
1626506690
1626506919
1626506932
1626506940
1626507067
1626507120
1626507166
1626507208
1626507314
1626507327
1626507343
1626507481
1626507495
1626507618
1626507737
1626507760
1626507930
1626507951
1626507960
1626507988
1626508164
1626508200
1626508203
1626508268
1626508393
1626508427
1626508440
1626508494
1626508496
1626508496
1626508594
1626508616
1626508647
1626508682
1626508727
1626508780
1626508792
1626509006
1626509038
1626509408
1626509445
1626509454
1626509658
1626509664
1626509700
1626509748
1626509820
1626509849
1626509956
1626510025
1626510030
1626510095
1626510147
1626510313
1626510415
1626510697
1626510839
1626510909
1626510967
1626510998
1626511080
1626511086
1626511109
1626511117
1626511225
1626511298
1626511373
1626511375
1626511589
1626511757
1626512008
1626512137
1626512152
1626512245
1626512299
1626512416
1626512441
1626512469
1626512615
1626512685
1626512705
1626512810
1626512982
1626513154
1626513235
1626513251
1626513327
1626513333
1626513399
1626513764
1626513784
1626513846
1626513871
1626513908
1626514006
1626514013
1626514179
1626514510
1626514562
1626514723
1626514740
1626514831
1626515141
1626515290
1626515330
1626515410
1626515429
1626515498
1626515513
1626515527
1626515612
1626515728
1626515883
1626515985
1626516015
1626516138
1626516313
1626516597
1626516864
1626516924
1626517187
1626517200
1626517273
1626517290
1626517316
1626517424
1626517541
1626517619
1626517759
1626517807
1626517843
1626517897
1626518037
1626518218
1626518431
1626518520
1626518603
1626518688
1626518771
1626518816
1626518878
1626518940
1626518982
1626518984
1626519480
1626519493
1626519654
1626519762
1626519823
1626519847
1626519896
1626519900
1626519991
1626520087
1626520431
1626520877
1626521164
1626521238
1626521565
1626521648
1626521669
1626521700
1626521826
1626521878
1626521921
1626521922
1626522044
1626522051
1626522205
1626522364
1626522663
1626522690
1626522772
1626522825
1626522825
1626523082
1626523097
1626523116
1626523214
1626523260
1626523642
1626523644
1626523753
1626523757
1626524100
1626524121
1626524301
1626524473
1626524690
1626524693
1626524923
1626524946
1626525206
1626525341
1626525566
1626525713
1626525794
1626525950
1626526059
1626526202
1626526365
1626526830
1626527069
1626527103
1626527210
1626527378
1626527486
1626527640
1626527850
1626527905
1626527930
1626527936
1626528000
1626528165
1626528180
1626528435
1626528595
1626528720
1626528968
1626529089
1626529266
1626529450
1626529547
1626529585
1626529652
1626529735
1626530038
1626530106
1626531060
1626531126
1626531180
1626531186
1626531285
1626531493
1626531570
1626531895
1626531960
1626532072
1626532151
1626532264
1626532381
1626532389
1626532398
1626532507
1626532629
1626532759
1626532790
1626532819
1626532853
1626532893
1626532915
1626532952
1626532980
1626533136
1626533198
1626533202
1626533219
1626533238
1626533406
1626533417
1626533424
1626533646
1626533795
1626533851
1626534019
1626534020
1626534161
1626534189
1626534331
1626534377
1626534379
1626534452
1626534482
1626534859
1626534922
1626534931
1626534963
1626534980
1626534989
1626535177
1626535247
1626535260
1626535382
1626535572
1626535618
1626535776
1626535800
1626535821
1626535996
1626536017
1626536112
1626536172
1626536376
1626536459
1626536531
1626536764
1626536942
1626537078
1626537110
1626537227
1626537315
1626537419
1626537448
1626537455
1626537501
1626537654
1626537960
1626538061
1626538080
1626538333
1626538581
1626538650
1626538779
1626538788
1626539040
1626539294
1626539305
1626539319
1626539355
1626539460
1626539615
1626539741
1626539770
1626540011
1626540033
1626540151
1626540196
1626540314
1626540509
1626540528
1626540720
1626541041
1626541044
1626541320
1626541400
1626541433
1626541460
1626541732
1626541757
1626541869
1626541887
1626541897
1626542253
1626542260
1626542297
1626542324
1626542429
1626542558
1626542700
1626542884
1626542990
1626543410
1626543486
1626543696
1626543743
1626543750
1626543820
1626543826
1626543880
1626544097
1626544109
1626544112
1626544180
1626544209
1626544257
1626544429
1626544579
1626544800
1626544821
1626544939
1626545115
1626545168
1626545306
1626545378
1626545492
1626545520
1626545601
1626545725
1626545745
1626545782
1626545798
1626545918
1626546009
1626546207
1626546261
1626546370
1626546429
1626546463
1626546486
1626546501
1626546502
1626546534
1626546610
1626546638
1626546666
1626546733
1626546820
1626547031
1626547066
1626547176
1626547436
1626547489
1626547765
1626547785
1626548146
1626548241
1626548348
1626548700
1626548724
1626548986
1626549009
1626549050
1626549150
1626549266
1626549295
1626549300
1626549358
1626549364
1626549417
1626549426
1626549799
1626549886
1626549981
1626550224
1626550380
1626550422
1626550462
1626550472
1626550526
1626550642
1626550751
1626550858
1626550860
1626550865
1626550980
1626551147
1626551271
1626551457
1626551783
1626551855
1626551903
1626551972
1626552001
1626552041
1626552169
1626552237
1626552332
1626552724
1626552752
1626552752
1626552900
1626553118
1626553265
1626553587
1626553626
1626553680
1626554015
1626554026
1626554069
1626554240
1626554311
1626554406
1626554415
1626554443
1626554484
1626554585
1626554609
1626554852
1626554878
1626554988
1626554996
1626555021
1626555050
1626555086
1626555342
1626555344
1626555348
1626555437
1626555519
1626555976
1626556047
1626556637
1626556774
1626556889
1626556889
1626557223
1626557400
1626557474
1626557633
1626557760
1626557761
1626558140
1626558247
1626558300
1626558386
1626558459
1626558589
1626558834
1626559107
1626559139
1626559140
1626559180
1626559194
1626559215
1626559260
1626559471
1626559670
1626559692
1626560385
1626560460
1626560508
1626560548
1626560640
1626560849
1626561422
1626561458
1626561854
1626561900
1626562010
1626562188
1626562322
1626562585
1626562679
1626562857
1626563232
1626563280
1626563324
1626563703
1626563810
1626563821
1626564145
1626564410
1626564550
1626564840
1626565129
1626565142
1626565563
1626566256
1626566426
1626566452
1626566529
1626566820
1626567239
1626567746
1626568165
1626568235
1626568433
1626568517
1626568521
1626569098
1626569176
1626569564
1626570002
1626570009
1626571167
1626571300
1626571516
1626571636
1626571825
1626573072
1626573103
1626573572
1626573684
1626574552
1626574600
1626575358
1626576536
1626577286
1626577362
1626578181
1626578764
1626578845
1626579432
1626580098
1626580761
1626581177
1626581645
1626582481
1626582714
1626582955
1626583092
1626583775
1626583977
1626584135
1626584160
1626584235
1626584341
1626584347
1626584661
1626584774
1626586083
1626587384
1626587395
1626588021
1626588884
1626589005
1626589385
1626589500
1626589908
1626590235
1626590597
1626591019
1626591140
1626591500
1626591600
1626592800
1626592862
1626593553
1626593787
1626594063
1626594137
1626594300
1626594764
1626594823
1626595363
1626595524
1626595524
1626596053
1626596107
1626596131
1626596809
1626597102
1626597337
1626597460
1626597600
1626597683
1626598040
1626598611
1626598749
1626598809
1626598815
1626598868
1626600129
1626600366
1626600484
1626600833
1626601167
1626601299
1626602269
1626602400
1626602499
1626602617
1626602824
1626603047
1626603263
1626603401
1626603614
1626603953
1626603971
1626604039
1626604044
1626604397
1626604439
1626604505
1626604973
1626605400
1626605926
1626606000
1626606142
1626606248
1626606780
1626606913
1626607075
1626607799
1626607819
1626607962
1626608280
1626608533
1626608704
1626609384
1626609778
1626609911
1626610315
1626610482
1626611505
1626611785
1626612060
1626612075
1626612096
1626612154
1626612568
1626612750
1626613067
1626613288
1626613486
1626613608
1626613648
1626613740
1626613873
1626613920
1626614661
1626614714
1626614753
1626615017
1626617004
1626617927
1626618650
1626619024
1626619143
1626619316
1626619415
1626619676
1626619688
1626619832
1626619900
1626620200
1626620336
1626620347
1626620499
1626620626
1626620748
1626621096
1626621156
1626621264
1626621775
1626621850
1626621970
1626622111
1626622245
1626622349
1626622360
1626622497
1626622500
1626622953
1626623036
1626623039
1626623279
1626623638
1626623701
1626623940
1626624000
1626624079
1626624295
1626624733
1626625046
1626625077
1626625869
1626625952
1626626040
1626626215
1626626272
1626626276
1626627321
1626627348
1626628140
1626628228
1626628234
1626628529
1626628744
1626629265
1626629487
1626629700
1626629821
1626629939
1626629944
1626629972
1626629981
1626630018
1626630098
1626630696
1626630952
1626631708
1626631800
1626632042
1626632329
1626632585
1626632595
1626632729
1626632880
1626632884
1626632891
1626632991
1626633093
1626633113
1626633226
1626633465
1626633660
1626633939
1626634531
1626634534
1626634615
1626634831
1626635018
1626635280
1626636018
1626636050
1626636163
1626636480
1626636610
1626637018
1626637528
1626637607
1626637860
1626637973
1626638171
1626638223
1626638549
1626638566
1626638690
1626639073
1626639149
1626639467
1626639539
1626640020
1626640251
1626640407
1626640457
1626640724
1626640808
1626640923
1626640944
1626641055
1626641367
1626641447
1626641712
1626641747
1626642728
1626642811
1626642942
1626643166
1626643208
1626643334
1626643432
1626643495
1626643609
1626643903
1626643969
1626644733
1626645032
1626645060
1626645209
1626645291
1626645600
1626645720
1626646095
1626646191
1626646658
1626647758
1626648146
1626649293
1626649947
1626650011
1626650208
1626650440
1626650977
1626651048
1626652669
1626652810
1626653291
1626654207
1626654563
1626655677
1626655990
1626656755
1626657694
1626657809
1626658560
1626659277
1626659633
1626660765
1626661064
1626661067
1626661978
1626662580
1626663046
1626663947
1626664355
1626665224
1626665600
1626667951
1626668892
1626669417
1626670440
1626670758
1626673074
1626673406
1626674112
1626674264
1626674287
1626675546
1626676332
1626676779
1626677625
1626677716
1626677820
1626678005
1626678060
1626678181
1626678509
1626678540
1626678780
1626678948
1626678949
1626679096
1626679383
1626680224
1626680878
1626680906
1626681740
1626681890
1626682553
1626683379
1626683599
1626683787
1626684963
1626685140
1626685301
1626685515
1626685702
1626686232
1626686324
1626686879
1626686913
1626687044
1626687162
1626687310
1626687335
1626687515
1626687739
1626687763
1626688457
1626688535
1626688595
1626688692
1626688737
1626690228
1626690251
1626690251
1626690953
1626690970
1626691089
1626691987
1626692175
1626692794
1626692896
1626693246
1626693416
1626694797
1626695045
1626695237
1626695682
1626697107
1626697171
1626697200
1626697254
1626697397
1626698017
1626698460
1626698505
1626699140
1626699373
1626699780
1626700020
1626700697
1626700811
1626701095
1626701120
1626701539
1626701654
1626702099
1626702366
1626702473
1626702859
1626702918
1626703297
1626703379
1626703544
1626703624
1626703778
1626704322
1626704332
1626704735
1626704751
1626705051
1626705994
1626706172
1626706871
1626708277
1626710303
1626710694
1626710927
1626711510
1626711641
1626711660
1626711861
1626712678
1626713700
1626713851
1626713872
1626714254
1626714677
1626714822
1626714842
1626715077
1626715606
1626717015
1626717248
1626717409
1626717540
1626719487
1626721480
1626721896
1626722048
1626722820
1626722950
1626722977
1626723030
1626724067
1626724232
1626724297
1626724401
1626724603
1626724800
1626724833
1626724851
1626724962
1626725392
1626726960
1626727200
1626727504
1626729101
1626729447
1626730170
1626730282
1626730290
1626731315
1626731716
1626731940
1626732104
1626732302
1626732428
1626732610
1626733334
1626733476
1626733500
1626734176
1626734284
1626734569
1626735110
1626735856
1626736588
1626737525
1626738787
1626738835
1626739022
1626739514
1626740149
1626741378
1626741624
1626741797
1626745140
1626745349
1626746147
1626746375
1626748376
1626748401
1626751985
1626753046
1626754127
1626755160
1626755219
1626756000
1626756715
1626763942
1626764094
1626764184
1626764440
1626767340
1626767454
1626767832
1626767883
1626768901
1626769184
1626769256
1626769356
1626769966
1626769993
1626770656
1626770777
1626771260
1626771510
1626772087
1626772656
1626773990
1626774293
1626774295
1626774743
1626774927
1626775075
1626775605
1626775677
1626776016
1626776432
1626776697
1626776702
1626778380
1626778430
1626779002
1626779186
1626779728
1626780202
1626780239
1626780650
1626780889
1626781518
1626782274
1626782340
1626783006
1626783501
1626783848
1626783863
1626784413
1626784460
1626784680
1626784709
1626785467
1626787209
1626787661
1626790356
1626792920
1626793336
1626794860
1626795474
1626796011
1626796061
1626796328
1626797544
1626797763
1626798470
1626798619
1626800056
1626801105
1626803309
1626803690
1626804492
1626805148
1626806291
1626806297
1626807331
1626808068
1626810066
1626810840
1626810974
1626811078
1626811465
1626812271
1626813407
1626813529
1626813712
1626814332
1626815226
1626816504
1626816742
1626817290
1626817604
1626819895
1626820440
1626820583
1626820833
1626821816
1626822000
1626822961
1626824930
1626825076
1626825660
1626826128
1626826852
1626827249
1626829200
1626829500
1626831264
1626831621
1626832898
1626834163
1626834344
1626838628
1626841078
1626841876
1626843762
1626843914
1626846780
1626847013
1626848214
1626849664
1626850977
1626852849
1626853104
1626854664
1626855661
1626856924
1626857520
1626858240
1626859247
1626859560
1626860966
1626861290
1626861683
1626862019
1626862416
1626862879
1626863608
1626863700
1626864522
1626866198
1626866849
1626868968
1626869309
1626869323
1626869686
1626869999
1626870275
1626870464
1626872214
1626873272
1626876601
1626876604
1626877340
1626877613
1626877642
1626877810
1626878191
1626878589
1626879345
1626881061
1626881229
1626881603
1626881634
1626881634
1626883536
1626883625
1626883958
1626884580
1626885015
1626886021
1626886201
1626887136
1626887819
1626890112
1626890114
1626890394
1626891290
1626893983
1626894864
1626895078
1626895632
1626897282
1626897863
1626898128
1626898440
1626898680
1626898903
1626899572
1626900175
1626901151
1626901800
1626901800
1626902023
1626902296
1626903319
1626904354
1626904614
1626904818
1626913525
1626913592
1626915738
1626916882
1626921188
1626921717
1626922050
1626924866
1626926661
1626927529
1626929780
1626934514
1626937300
1626941241
1626942014
1626942120
1626946497
1626947401
1626947553
1626948060
1626951096
1626953083
1626957422
1626960297
1626960590
1626960775
1626960899
1626962303
1626962421
1626964235
1626964740
1626965550
1626965706
1626966257
1626968580
1626971424
1626971984
1626972150
1626972196
1626973601
1626973917
1626974711
1626975024
1626975568
1626975791
1626977521
1626977550
1626977641
1626977706
1626979201
1626983165
1626988589
1626988821
1626989068
1626989630
1626990524
1626990791
1626992284
1626992844
1626992955
1626993579
1626994799
1626997486
1626999524
1627002154
1627003791
1627004399
1627005472
1627009513
1627018096
1627027256
1627027788
1627027845
1627030435
1627030503
1627034934
1627035076
1627037268
1627037581
1627042658
1627042932
1627043035
1627043200
1627047797
1627048337
1627053836
1627054201
1627055254
1627055541
1627056538
1627056620
1627057154
1627059000
1627060062
1627061009
1627064049
1627064094
1627064527
1627064797
1627066756
1627067662
1627069408
1627070280
1627073255
1627077444
1627079220
1627081399
1627084654
1627086939
1627091419
1627092556
1627093200
1627098090
1627100602
1627103436
1627106169
1627106400
1627109804
1627110373
1627113168
1627115173
1627122004
1627124363
1627125825
1627130601
1627132125
1627136736
1627141416
1627145039
1627145366
1627147394
1627150715
1627150911
1627152461
1627152511
1627155213
1627155978
1627163446
1627165816
1627172647
1627173095
1627174252
1627203705
1627214613
1627215132
1627217956
1627222627
1627235114
1627238480
1627241350
1627243444
1627250087
1627253859
1627255067
1627259878
1627261980
1627265039
1627275005
1627275212
1627288440
1627293460
1627297860
1627303720
1627305010
1627314271
1627316623
1627320359
1627326942
1627327561
1627330521
1627330791
1627331722
1627355693
1627356738
1627357069
1627376919
1627394322
1627396740
1627405519
1627407531
1627408828
1627411651
1627413233
1627415671
1627419511
1627423926
1627429546
1627436690
1627458031
1627464030
1627477618
1627483027
1627483176
1627485485
1627487480
1627487935
1627499111
1627503834
1627509600
1627514900
1627537732
1627547290
1627558140
1627585419
1627589921
1627596783
1627613058
1627613234
1627619061
1627625023
1627630035
1627636766
1627638742
1627644217
1627651698
1627665061
1627674643
1627680212
1627690008
1627692084
1627693602
1627693958
1627700644
1627707189
1627731395
1627755721
1627760013
1627773777
1627775999
1627792680
1627831847
1627855767
1627873177
1627880012
1627882938
1627905158
1627919145
1627955910
1627957262
1627964075
1627993017
1628003389
1628022209
1628044627
1628104068
1628106934
1628146276
1628160042
1628186407
1628209440
1628273576
1628283780
1628289430
1628290761
1628295236
1628295620
1628301115
1628314739
1628355247
1628374168
1628428561
1628454587
1628471228
1628491529
1628493900
1628561466
1628719346
1628765584
1628766897
1628825203
1629105611
1629394322
1629497047
1629674603
1630019374
1630397220
1630559460
1631928142
1631987022
1632374535
1632533266
1632759117
1633507746
1633678528
1634128224
1634264700
1634665740
1634775910
1635065951
1635572752
1635781680
1635819311
1636251388
1636273496
1636551278
1636572180
1636572196
1636572240
1636572317
1637190120
1638339718
1638885137
1639300195
1639524060
1639661285
1640275672
1640398500
1641504434
1641581400
1642185100
1643237400
1644363569
1644395633
1644430432
1644440931
1644441061
1644448292
1644529920
1644698454
1644702520
1644770008
1644835266
1645029723
1645208520
1645813380
1645814820
1645835158
1645869616
1645877355
1645893780
1645900080
1645912340
1645945200
1645950555
1645956075
1646140153
1646184138
1646257860
1646384055
1646432873
1646496060
1646604645
1646678632
1646688423
1646786040
1647013953
1647048618
1647052692
1647209972
1647393682
1647397092
1647439625
1647485295
1647537357
1647871349
1647895783
1647905152
1647922992
1647951496
1647959643
1648031217
1648050207
1648064162
1648087462
1648142396
1648203525
1648210133
1648333434
1648336700
1648381004
1648459281
1648480924
1648530497
1648582558
1648737001
1648771199
1648938300
1648961238
1649001662
1649077990
1649087347
1649090400
1649094230
1649107567
1649132436
1649132591
1649170100
1649191204
1649198100
1649200342
1649303041
1649331607
1649337720
1649338020
1649347841
1649349509
1649350200
1649365320
1649365320
1649381258
1649518260
1649520680
1649522650
1649618180
1649624404
1649679409
1649682250
1649699368
1649699926
1649700757
1649700956
1649702100
1649704280
1649707800
1649728191
1649728860
1649734603
1649738280
1649852887
1649880897
1649955043
1649957312
1650017560
1650038842
1650074626
1650083407
1650126985
1650129566
1650137576
1650205062
1650205188
1650245785
1650303164
1650320736
1650334075
1650340488
1650393900
1650399115
1650402230
1650402530
1650404056
1650446370
1650484039
1650528934
1650548744
1650559020
1650559075
1650559440
1650559800
1650560040
1650560073
1650560626
1650585082
1650589920
1650720134
1650727364
1650736079
1650792521
1650808252
1650843273
1650887491
1650901853
1650906360
1650956772
1651158917
1651163520
1651249810
1651265700
1651398949
1651466230
1651507766
1651509133
1651509180
1651509302
1651510397
1651510440
1651515099
1651629713
1651768200
1651768760
1651769280
1651773000
1651777127
1651785892